# @package _group_
robot_description_path: "franka_panda/panda_arm_hand.urdf"
controlled_joints:  [0, 1, 2, 3, 4, 5, 6]
num_dofs: 7
ee_link_idx: 7
ee_link_name: panda_link8
rest_pose: [-0.000110044,0.00016971,-8.65443e-05,-1.57085,-2.40509e-05,1.57061,-0.78523]
joint_limits_low: [-2.8973, -1.7628, -2.8973, -3.0718, -2.8973, -0.0175, -2.8973]
joint_limits_high: [2.8973, 1.7628, 2.8973, -0.0698, 2.8973, 3.7525, 2.8973]
joint_damping: [0.1, 0.1, 0.1, 0.1, 0.1, 0.1, 0.1]
torque_limits: [87., 87., 87., 87., 12., 12., 12.]

metadata_urdf_path: "franka_panda/panda_arm.urdf"
gripper:
  num_dofs: 2
  controlled_joints: [9, 10]
  max_width: 0.08
  moving_threshold: 0.04
